23314740111
23314740112
23314740114
23314740114
23314740115
23314740116
23314740117
23314740118
23314740119
23314740120
23314740121
23314740123
23314740124
23314740125
23314740127
23314740128
23314740129
23314740130
23314740132
23314740134
23314740136
23314740137
23314740142
23314740143
23314740144
23314740145
23314740146
23314740147
23314740149
23314740150
23314740151
23314740152
23314740153
23314740155
23314740156
23314740157
23314740158
23314740159
23314740160
23314740162
23314740163
23314740164
23314740165
23314740166
23314740167
23314740168
23314740170
23314740171
23314740172
23314740173
23314740174
23314740175
23314740176
23314740177
23314740178
23314740179
24314740104
24314740105
24314740106
24314740107
24314740108
24314740109
24314740110
24314740111
24314740112
24314740113
24314740114
24314740115
24314740116
24314740118
24314740120
24314740121
24314740122
24314740123